Num,baseX,baseY,baseZ,baseR,baseP,baseYaw,base_dX,base_dY,base_dZ,base_dR,base_dP,base_dYaw,LF_HAA,LF_KFE,LF_HFE,LH_HAA,LH_KFE,LH_HFE,RF_HAA,RF_KFE,RF_HFE,RH_HAA,RH_KFE,RH_HFE,dLF_HAA,dLF_KFE,dLF_HFE,dLH_HAA,dLH_KFE,dLH_HFE,dRF_HAA,dRF_KFE,dRF_HFE,dRH_HAA,dRH_KFE,dRH_HFE,P_LFx,P_LFy,P_LFz,P_RFx,P_RFy,P_RFz,P_LHx,P_LHy,P_LHz,P_RHx,P_RHy,P_RHz,F_LFx,F_LFy,F_LFz,F_RFx,F_RFy,F_RFz,F_LHx,F_LHy,F_LHz,F_RHx,F_RHy,F_RHz,User_Command
0,0.557996,-0.1423,-1.45961e-36,1.96518e-31,-3.9317e-31,-0.204439,0.238967,-0.00695303,3.56337e-41,3.7371e-25,-7.47421e-25,-0.0859823,-0.00462337,-1.5694,0.804044,0.00598837,-1.93838,0.951658,-0.00614699,-1.93862,0.964513,-0.00520062,-1.564,0.788653,0.0637095,0.358708,0.696659,0.489613,-0.0379375,-1.45229,-0.533497,-0.0499464,-0.443384,-0.16397,0.440139,0.322121,0.180229,0.167049,-0.198385,0.164522,-0.16532,-0.164218,-0.185602,0.165014,-0.165176,-0.166322,-0.164107,-0.197489,0.241383,-0.147906,0.0228952,0.192608,0.123794,0.0210263,0.0137003,-0.07296,0.113286,0.0241253,0.146914,0.240235,5
1,0.581178,-0.141123,2.01753e-35,3.27925e-31,2.24498e-31,-0.209111,0.275476,0.00697234,-4.96642e-40,5.57944e-25,5.57909e-25,-0.22716,-0.000201191,-1.56451,0.814716,0.0154796,-1.92564,0.918414,-0.0167702,-1.92663,0.950829,-0.00748533,-1.56181,0.790462,0.344292,0.0688251,0.372201,0.435691,1.44148,-1.96158,-0.513815,1.3744,-1.02207,-0.125781,-0.043333,-0.0161457,0.17114,0.164077,-0.199781,0.175765,-0.16598,-0.159201,-0.172202,0.165955,-0.159216,-0.176331,-0.16604,-0.199762,3.88988e-36,-1.53979e-35,1.78077e-35,0,0,0,0,0,0,0.0171651,0.123595,0.322582,3
2,0.586604,-0.142131,7.06329e-36,3.23834e-30,3.22181e-30,-0.215666,0.276221,0.00706617,-8.81109e-41,4.85329e-28,-3.89352e-25,-0.329625,0.0074266,-1.5635,0.81777,0.0229423,-1.88023,0.872679,-0.0250306,-1.88861,0.921449,-0.0107689,-1.56593,0.785685,0.3968,0.0655117,-0.010676,0.29867,3.23105,-2.60056,-0.300706,2.50608,-1.95058,-0.194211,-0.319665,-0.38239,0.17114,0.164077,-0.199781,0.175765,-0.16598,-0.159201,-0.172202,0.165955,-0.159216,-0.176331,-0.16604,-0.199762,0.113745,-0.45878,0.52988,0,0,0,0,0,0,0.139621,-0.034781,0.138431,3
3,0.585441,-0.141103,-1.41255e-35,1.21553e-32,-6.39904e-30,-0.221318,0.263031,0.00799706,1.17526e-40,1.66784e-25,-9.59076e-28,-0.285311,0.015701,-1.56199,0.817991,0.0164321,-1.81264,0.833549,-0.018002,-1.82179,0.87654,-0.0138255,-1.57547,0.780563,0.328593,0.00885454,0.0964411,-1.57504,2.21759,-0.227914,1.68512,3.71583,-2.07339,-0.033972,-0.880374,0.172535,0.168508,0.16496,-0.199937,0.17701,-0.167691,-0.159925,-0.167849,0.167484,-0.159974,-0.176914,-0.166498,-0.199834,0.133658,-0.518875,0.601926,0,0,0,0,0,0,0.0415816,-0.00263765,0.00269886,3
4,0.590614,-0.142102,1.96494e-35,-3.52877e-29,-1.26427e-31,-0.213572,0.263646,0.00809866,-2.45122e-40,-5.28874e-27,-2.42784e-24,0.35286,0.0149944,-1.56763,0.815488,0.00186146,-1.75065,0.807174,-0.00195062,-1.74595,0.840743,-0.0108067,-1.58671,0.784486,-0.331301,-0.576965,-0.392703,-0.489206,5.48844,-2.50892,0.466398,6.51037,-2.77836,0.395205,-0.521208,0.29565,0.168508,0.16496,-0.199937,0.17701,-0.167691,-0.159925,-0.167849,0.167484,-0.159974,-0.176914,-0.166498,-0.199834,0.0458967,1.14456,2.67712,0,0,0,0,0,0,0.95596,-0.442071,-0.0308976,3
5,0.595808,-0.143061,-3.40864e-35,-1.56295e-31,-1.44484e-29,-0.197378,0.264261,0.00820025,4.25212e-40,-8.26694e-25,-1.65552e-24,0.787455,0.0149944,-1.56763,0.815488,0.00186146,-1.75065,0.807174,-0.00195062,-1.74595,0.840743,-0.0108067,-1.58671,0.784486,-0.331301,-0.576965,-0.392703,-0.489206,5.48844,-2.50892,0.466398,6.51037,-2.77836,0.395205,-0.521208,0.29565,0.171323,0.166064,-0.198827,0.178964,-0.164986,-0.193792,-0.16251,0.165034,-0.187629,-0.173818,-0.165805,-0.197446,0.132866,0.0724318,0.514225,0,0,0,1.52062,-0.312469,5.81399,1.19511e-29,9.33008e-30,2.46392e-30,1
6,0.57546,-0.136895,-9.37552e-36,-1.15627e-29,-2.31576e-29,-0.183788,0.211436,0.00968571,7.82153e-41,-1.73246e-27,-3.46855e-27,0.686474,-0.00206302,-1.63522,0.850228,-0.00479451,-1.5931,0.758152,-0.000408142,-1.57597,0.769314,0.00339511,-1.62544,0.856319,0.232726,-2.52519,2.46522,0.601736,1.86007,1.92341,-1.47086,-3.12784,2.1147,0.216432,-1.40772,2.68402,0.171323,0.166064,-0.198827,0.178964,-0.164986,-0.193792,-0.16251,0.165034,-0.187629,-0.173818,-0.165805,-0.197446,0,0,0,0,0,0,3.43631,-1.40228,-0.288604,0,0,0,3
7,0.579654,-0.137476,4.0628e-35,-5.86147e-32,-7.84867e-32,-0.175178,0.211555,0.00980015,-5.06948e-40,-4.61059e-25,-8.82859e-30,0.444092,-0.00206302,-1.63522,0.850228,-0.00479451,-1.5931,0.758152,-0.000408142,-1.57597,0.769314,0.00339511,-1.62544,0.856319,0.232726,-2.52519,2.46522,0.601736,1.86007,1.92341,-1.47086,-3.12784,2.1147,0.216432,-1.40772,2.68402,0.171323,0.166064,-0.198827,0.178964,-0.164986,-0.193792,-0.16251,0.165034,-0.187629,-0.173818,-0.165805,-0.197446,0,0,0,9.2006e-12,7.38096e-12,1.68225e-12,1.11776e-35,-5.13602e-36,-4.97043e-38,0,0,0,2
8,0.584515,-0.140478,6.0794e-37,-9.05515e-30,-2.91742e-34,-0.167214,0.21557,0.0053972,-5.53672e-42,-1.50455e-27,-3.249e-32,0.419751,-0.00206302,-1.63522,0.850228,-0.00479451,-1.5931,0.758152,-0.000408142,-1.57597,0.769314,0.00339511,-1.62544,0.856319,0.232726,-2.52519,2.46522,0.601736,1.86007,1.92341,-1.47086,-3.12784,2.1147,0.216432,-1.40772,2.68402,0.171323,0.166064,-0.198827,0.178964,-0.164986,-0.193792,-0.16251,0.165034,-0.187629,-0.173818,-0.165805,-0.197446,0,0,0,1.66447e-39,1.52846e-38,3.20781e-38,1.4124e-10,1.1506e-10,2.23998e-11,0,0,0,5
9,0.587855,-0.140875,9.53591e-36,1.75323e-33,4.62532e-30,-0.178956,0.204509,0.00483363,-1.21964e-40,2.28718e-31,3.29625e-25,0.0032939,0.0208823,-1.8317,0.95973,0.00813369,-1.573,0.762684,-0.00517137,-1.57111,0.780404,-0.020727,-1.85109,0.927029,0.404329,-3.54417,1.78404,-0.342214,0.115191,0.269732,-0.125279,-0.067372,0.151556,-0.207942,-2.6345,0.215155,0.165854,0.164121,-0.18178,0.175519,-0.166177,-0.199277,-0.169534,0.167651,-0.197608,-0.181179,-0.164616,-0.176894,0,0,0,3.58625e-26,-1.68707e-26,9.57439e-28,0.230505,-0.105986,0.00260487,0,0,0,0
10,0.58511,-0.139772,3.97623e-36,1.15083e-35,1.10003e-29,-0.178901,0.191275,0.00521039,-4.97464e-41,1.33364e-33,1.93395e-27,0.00280496,0.00799841,-1.91951,0.971924,0.00526436,-1.57651,0.776876,-0.00571561,-1.57159,0.790857,-0.00741796,-1.92005,0.956268,-0.533957,-1.2421,-0.174983,0.0804158,-0.0971353,0.215856,0.24971,-0.150056,0.0818607,0.453597,-1.15255,0.737843,0.169215,0.168196,-0.165431,0.174847,-0.166656,-0.199008,-0.171694,0.165727,-0.198833,-0.174044,-0.167893,-0.16434,0,0,0,0.00193093,0.0222546,0.0469165,0.41867,-0.215943,0.0419977,0,0,0,1
11,0.589458,-0.140444,-2.79308e-37,-1.39175e-30,-1.06286e-32,-0.185944,0.191191,0.00528936,4.03673e-42,-2.08582e-28,-2.91054e-25,-0.248084,0.00799841,-1.91951,0.971924,0.00526436,-1.57651,0.776876,-0.00571561,-1.57159,0.790857,-0.00741796,-1.92005,0.956268,-0.533957,-1.2421,-0.174983,0.0804158,-0.0971353,0.215856,0.24971,-0.150056,0.0818607,0.453597,-1.15255,0.737843,0.169215,0.168196,-0.165431,0.174847,-0.166656,-0.199008,-0.171694,0.165727,-0.198833,-0.174044,-0.167893,-0.16434,0,0,0,0.00193093,0.0222546,0.0469165,0.41867,-0.215943,0.0419977,0,0,0,1
12,0.593235,-0.141046,-5.6629e-36,-8.27544e-33,-3.52828e-30,-0.191925,0.191118,0.00535803,7.06704e-41,-8.266e-26,1.64789e-25,-0.291539,-0.00747091,-1.93991,0.955842,-0.00378922,-1.57919,0.788014,0.0051527,-1.57802,0.784768,0.00651769,-1.93954,0.967459,0.929571,1.24991,0.157693,-0.279422,0.283325,-0.039427,0.1763,-0.113688,-0.275042,-0.7426,1.09373,-1.48976,0.176726,0.16444,-0.160422,0.176092,-0.163887,-0.198996,-0.174718,0.164034,-0.199052,-0.174089,-0.16442,-0.160446,0,0,0,0.318798,0.259995,0.0681016,2.46542e-26,-1.14368e-26,6.26231e-28,0,0,0,6
13,0.590666,-0.140569,2.15124e-35,-8.65487e-30,1.73409e-29,-0.189427,0.178113,0.00466249,-1.7901e-40,1.45988e-24,-1.45858e-24,0.0929051,-0.00747091,-1.93991,0.955842,-0.00378922,-1.57919,0.788014,0.0051527,-1.57802,0.784768,0.00651769,-1.93954,0.967459,0.929571,1.24991,0.157693,-0.279422,0.283325,-0.039427,0.1763,-0.113688,-0.275042,-0.7426,1.09373,-1.48976,0.176726,0.16444,-0.160422,0.176092,-0.163887,-0.198996,-0.174718,0.164034,-0.199052,-0.174089,-0.16442,-0.160446,0,0,0,0.318798,0.259995,0.0681016,2.46542e-26,-1.14368e-26,6.26231e-28,0,0,0,6
14,0.59418,-0.141147,-3.80285e-35,7.25904e-30,-7.25157e-30,-0.181477,0.17792,0.00472406,4.74446e-40,1.08908e-27,-5.42184e-25,0.377367,0.00284252,-1.80618,0.886788,0.00391193,-1.57619,0.781143,-0.00459568,-1.57195,0.792834,-0.00262611,-1.80509,0.890692,0.0298096,5.0702,-2.78783,0.369079,-0.159226,-0.140887,-0.328255,-0.00248538,0.444639,-0.030353,5.32019,-2.61671,0.176726,0.16444,-0.160422,0.176092,-0.163887,-0.198996,-0.174718,0.164034,-0.199052,-0.174089,-0.16442,-0.160446,0,0,0,0.0262601,0.160485,0.318962,0.270557,0.169514,0.0464492,0,0,0,2
15,0.591468,-0.140371,2.35774e-38,1.27699e-32,-7.70584e-30,-0.175542,0.164923,0.00454488,-5.75923e-45,-1.4222e-25,2.83288e-25,0.302014,0.00284252,-1.80618,0.886788,0.00391193,-1.57619,0.781143,-0.00459568,-1.57195,0.792834,-0.00262611,-1.80509,0.890692,0.0298096,5.0702,-2.78783,0.369079,-0.159226,-0.140887,-0.328255,-0.00248538,0.444639,-0.030353,5.32019,-2.61671,0.176726,0.16444,-0.160422,0.176092,-0.163887,-0.198996,-0.174718,0.164034,-0.199052,-0.174089,-0.16442,-0.160446,0,0,0,0.0262601,0.160485,0.318962,0.270557,0.169514,0.0464492,0,0,0,2
16,0.594729,-0.140856,-7.64769e-36,6.7543e-30,-1.35113e-29,-0.175971,0.164611,0.00460422,9.54377e-41,5.80973e-25,-5.81984e-25,-0.00287945,-0.00182124,-1.59141,0.793343,0.00195212,-1.59991,0.797534,-0.00277961,-1.5914,0.807785,-0.0064089,-1.58735,0.783268,0.060867,0.940749,0.10069,-0.500222,-2.00802,1.44183,1.06831,-1.85623,1.07055,-0.520958,-0.304149,0.18387,0.178086,0.165517,-0.177397,0.173225,-0.166208,-0.198922,-0.173403,0.166135,-0.198442,-0.172919,-0.165488,-0.177729,7.67879e-42,-3.11336e-41,3.92555e-41,0,0,0,0,0,0,4.42896e-48,-1.69104e-47,2.05623e-47,6
17,0.595444,-0.140667,3.07802e-35,1.09755e-32,2.31582e-29,-0.185675,0.152484,0.0044556,-3.84169e-40,1.7976e-25,1.8323e-25,-0.185718,-0.00182124,-1.59141,0.793343,0.00195212,-1.59991,0.797534,-0.00277961,-1.5914,0.807785,-0.0064089,-1.58735,0.783268,0.060867,0.940749,0.10069,-0.500222,-2.00802,1.44183,1.06831,-1.85623,1.07055,-0.520958,-0.304149,0.18387,0.178086,0.165517,-0.177397,0.173225,-0.166208,-0.198922,-0.173403,0.166135,-0.198442,-0.172919,-0.165488,-0.177729,7.67879e-42,-3.11336e-41,3.92555e-41,0,0,0,0,0,0,4.42896e-48,-1.69104e-47,2.05623e-47,6
18,0.595679,-0.140264,-2.10317e-35,-2.16307e-30,-2.11018e-30,-0.185126,0.146247,0.00499533,1.7488e-40,-3.24094e-28,-3.18158e-28,0.0140761,0.0162106,-1.56811,0.828059,0.000336336,-1.76668,0.81219,-0.00402048,-1.74306,0.81837,-0.00287404,-1.5758,0.811005,-0.165897,0.381278,0.417249,-0.0282472,-2.48155,1.62831,-0.0138848,-3.42607,1.80747,-0.113075,0.809594,0.24667,0.170105,0.16662,-0.198664,0.184902,-0.164806,-0.188255,-0.163361,0.165444,-0.186594,-0.176258,-0.166618,-0.197198,0.473436,-2.11185,2.66942,0,0,0,0,0,0,2.82665e-21,7.98784e-20,1.72098e-19,7
19,0.598567,-0.140703,2.82655e-36,1.4223e-32,-8.0838e-33,-0.178843,0.145776,0.00505669,-3.51621e-41,5.42439e-25,-9.09222e-31,0.299243,0.0162106,-1.56811,0.828059,0.000336336,-1.76668,0.81219,-0.00402048,-1.74306,0.81837,-0.00287404,-1.5758,0.811005,-0.165897,0.381278,0.417249,-0.0282472,-2.48155,1.62831,-0.0138848,-3.42607,1.80747,-0.113075,0.809594,0.24667,0.170105,0.16662,-0.198664,0.184902,-0.164806,-0.188255,-0.163361,0.165444,-0.186594,-0.176258,-0.166618,-0.197198,0.473436,-2.11185,2.66942,0,0,0,0,0,0,2.82665e-21,7.98784e-20,1.72098e-19,7
20,0.613316,-0.144166,-9.54039e-38,5.48244e-30,-2.69758e-33,-0.171868,0.169824,0.00437752,7.77159e-43,8.21454e-28,-9.70435e-26,0.348903,-0.0109053,-1.57365,0.809035,0.00163905,-1.89158,0.89018,0.000214668,-1.89173,0.893398,-0.00578755,-1.56587,0.799252,-0.13917,-0.227983,-0.941971,0.0210253,-1.41726,1.89605,-0.0167877,-2.07918,1.57483,0.37162,-0.124289,-0.503328,0.165758,0.166602,-0.199286,0.184588,-0.165523,-0.175257,-0.162471,0.165275,-0.172478,-0.180802,-0.16638,-0.199391,0.473436,-2.11185,2.66942,0,0,0,0,0,0,2.82665e-21,7.98784e-20,1.72098e-19,3
21,0.616675,-0.14466,-1.30254e-35,1.91535e-32,-9.3895e-30,-0.170586,0.169579,0.00443201,1.62546e-40,2.15065e-30,-9.88698e-25,0.0893865,-0.0109053,-1.57365,0.809035,0.00163905,-1.89158,0.89018,0.000214668,-1.89173,0.893398,-0.00578755,-1.56587,0.799252,-0.13917,-0.227983,-0.941971,0.0210253,-1.41726,1.89605,-0.0167877,-2.07918,1.57483,0.37162,-0.124289,-0.503328,0.172661,0.162936,-0.19961,0.182554,-0.164916,-0.162785,-0.167341,0.165037,-0.162613,-0.176876,-0.16531,-0.199596,0.436241,-1.83544,2.32984,0,0,0,0,0,0,0.0535056,0.539821,1.44288,2
22,0.612333,-0.143156,-1.02538e-35,1.80631e-34,9.04395e-32,-0.175972,0.153048,0.00505299,2.48427e-40,2.76642e-34,3.27083e-29,-0.257532,0.00417516,-1.57234,0.769019,0.000669249,-1.93795,0.971625,-0.00191684,-1.93834,0.9686,0.00297552,-1.57679,0.75952,0.333818,0.196942,-0.869774,0.365257,-0.20635,1.92223,-0.286627,-0.187794,2.00356,-0.347692,0.0631454,-1.45234,0.172661,0.162936,-0.19961,0.182554,-0.164916,-0.162785,-0.167341,0.165037,-0.162613,-0.176876,-0.16531,-0.199596,2.23919e-54,-7.72779e-54,1.01205e-53,0,0,0,0,0,0,1.10955,0.88019,0.217101,6
23,0.615361,-0.143591,-1.07548e-37,-2.7935e-37,1.90446e-32,-0.183438,0.152651,0.00511278,1.50448e-42,6.88242e-37,4.53189e-25,-0.376647,0.00417516,-1.57234,0.769019,0.000669249,-1.93795,0.971625,-0.00191684,-1.93834,0.9686,0.00297552,-1.57679,0.75952,0.333818,0.196942,-0.869774,0.365257,-0.20635,1.92223,-0.286627,-0.187794,2.00356,-0.347692,0.0631454,-1.45234,0.172661,0.162936,-0.19961,0.182554,-0.164916,-0.162785,-0.167341,0.165037,-0.162613,-0.176876,-0.16531,-0.199596,2.23919e-54,-7.72779e-54,1.01205e-53,0,0,0,0,0,0,1.10955,0.88019,0.217101,6
24,0.584009,-0.141369,-1.66919e-35,1.78939e-31,2.04694e-31,-0.186846,0.0830719,-0.00443891,4.1093e-40,3.40522e-25,6.92263e-29,-0.199497,0.00864169,-1.56608,0.726963,0.0145576,-1.86772,1.06802,-0.0113157,-1.85387,1.09129,-0.0119903,-1.57045,0.698663,0.0387824,0.19913,-1.21451,0.310828,4.01038,0.117268,-0.191959,4.07539,-0.164674,0.0507916,0.391256,-1.29947,0.179892,0.166318,-0.199031,0.172054,-0.165616,-0.159568,-0.178836,0.165563,-0.159521,-0.166452,-0.165323,-0.198524,9.13751e-47,-3.69581e-47,3.61573e-48,0,0,0,0,0,0,1.68834e-47,-7.10053e-48,8.31781e-50,2
25,0.585615,-0.141763,-2.17945e-37,-1.58022e-30,-1.77402e-32,-0.185141,0.0820316,-0.0044685,2.97832e-42,-2.36829e-28,-4.68122e-25,0.046587,0.00864169,-1.56608,0.726963,0.0145576,-1.86772,1.06802,-0.0113157,-1.85387,1.09129,-0.0119903,-1.57045,0.698663,0.0387824,0.19913,-1.21451,0.310828,4.01038,0.117268,-0.191959,4.07539,-0.164674,0.0507916,0.391256,-1.29947,0.179892,0.166318,-0.199031,0.172054,-0.165616,-0.159568,-0.178836,0.165563,-0.159521,-0.166452,-0.165323,-0.198524,9.13751e-47,-3.69581e-47,3.61573e-48,0,0,0,0,0,0,1.68834e-47,-7.10053e-48,8.31781e-50,2
26,0.566713,-0.135473,1.53419e-36,-1.86098e-31,-4.20311e-32,-0.180134,0.0372113,-9.48083e-05,-3.76503e-41,-3.5362e-25,-1.42177e-29,0.22357,-0.00295379,-1.57336,0.697908,-0.0138217,-1.63534,0.96275,0.0142147,-1.68032,0.992735,0.0119865,-1.57157,0.728098,-0.708714,-0.560218,-0.115204,0.389764,4.98963,-2.81376,0.744848,3.11252,-1.95494,0.413227,-0.0059091,-0.274192,0.186203,0.166722,-0.199033,0.147303,-0.166886,-0.166311,-0.197434,0.167413,-0.165318,-0.157758,-0.167378,-0.197958,0,0,0,0.0747564,0.151874,0.159344,0,0,0,0,0,0,0
27,0.567431,-0.135605,2.98307e-39,-4.09194e-30,-4.94675e-33,-0.175067,0.0357625,-8.33153e-05,-5.96775e-44,1.14155e-25,-1.14769e-25,0.283901,-0.00295379,-1.57336,0.697908,-0.0138217,-1.63534,0.96275,0.0142147,-1.68032,0.992735,0.0119865,-1.57157,0.728098,-0.708714,-0.560218,-0.115204,0.389764,4.98963,-2.81376,0.744848,3.11252,-1.95494,0.413227,-0.0059091,-0.274192,0.186203,0.166722,-0.199033,0.147303,-0.166886,-0.166311,-0.197434,0.167413,-0.165318,-0.157758,-0.167378,-0.197958,0,0,0,0.0747564,0.151874,0.159344,0,0,0,0,0,0,0
28,0.568121,-0.135729,-1.58838e-36,5.50156e-30,-5.51579e-30,-0.172435,0.0343138,-7.18222e-05,1.98216e-41,8.25081e-28,-8.26682e-28,0.1628,-0.0169022,-1.65726,0.744284,-0.00971373,-1.56845,0.883547,0.0132597,-1.59072,0.924159,0.0203058,-1.66672,0.775431,-0.268082,-2.38258,1.58831,-0.0601464,0.120122,-1.73004,-0.54147,2.02755,-1.93101,-0.069215,-1.96689,1.53044,0.192656,0.164414,-0.19854,0.146398,-0.16235,-0.186839,-0.202883,0.162357,-0.191651,-0.163508,-0.16261,-0.1997,0,0,0,0.0261257,0.316986,0.549941,0,0,0,0,0,0,7
29,0.567273,-0.142282,6.31294e-37,1.24729e-32,-1.79773e-32,-0.171502,0.0326147,-0.0131969,-5.24796e-42,1.40231e-30,-1.97448e-25,0.0605084,-0.0169022,-1.65726,0.744284,-0.00971373,-1.56845,0.883547,0.0132597,-1.59072,0.924159,0.0203058,-1.66672,0.775431,-0.268082,-2.38258,1.58831,-0.0601464,0.120122,-1.73004,-0.54147,2.02755,-1.93101,-0.069215,-1.96689,1.53044,0.192656,0.164414,-0.19854,0.146398,-0.16235,-0.186839,-0.202883,0.162357,-0.191651,-0.163508,-0.16261,-0.1997,0,0,0,0.0261257,0.316986,0.549941,0,0,0,0,0,0,7
30,0.567273,-0.142282,6.31294e-37,1.24729e-32,-1.79773e-32,-0.171502,0.0326147,-0.0131969,-5.24796e-42,1.40231e-30,-1.97448e-25,0.0605084,-0.00876276,-1.83901,0.819633,0.003213,-1.57668,0.801987,0.00061342,-1.57743,0.853325,0.0110085,-1.84136,0.857522,1.55267,-3.72915,1.74858,0.115162,0.100425,-2.09292,-0.416107,0.899211,-2.06124,-1.55024,-2.92687,1.72845,0.192435,0.161989,-0.194395,0.147922,-0.162071,-0.193256,-0.199472,0.1627,-0.198499,-0.162605,-0.161404,-0.193794,0,0,0,1.78571,0.0525081,1.51952,6.19288,-0.350591,0.883511,0,0,0,6
31,0.56509,-0.142303,-6.0753e-37,-2.21409e-30,-2.2154e-30,-0.159297,0.0229867,-0.013399,7.48699e-42,-2.52189e-25,-2.5219e-25,0.37818,-0.00876276,-1.83901,0.819633,0.003213,-1.57668,0.801987,0.00061342,-1.57743,0.853325,0.0110085,-1.84136,0.857522,1.55267,-3.72915,1.74858,0.115162,0.100425,-2.09292,-0.416107,0.899211,-2.06124,-1.55024,-2.92687,1.72845,0.192435,0.161989,-0.194395,0.147922,-0.162071,-0.193256,-0.199472,0.1627,-0.198499,-0.162605,-0.161404,-0.193794,0,0,0,1.78571,0.0525081,1.51952,6.19288,-0.350591,0.883511,0,0,0,6
32,0.565486,-0.142639,-2.30583e-36,-1.02983e-29,-1.03144e-29,-0.156496,0.0214734,-0.0135089,2.87801e-41,-1.54314e-27,-3.91308e-25,0.173276,0.00189684,-1.92577,0.904985,-0.00633171,-1.59604,0.755781,-0.00441441,-1.56907,0.785504,-0.00210162,-1.92579,0.938377,-0.245723,-1.08651,1.90253,-0.392686,-0.345841,-0.448893,0.268834,-0.429385,-1.03991,0.272872,-1.11262,1.73006,0.19139,0.165417,-0.166274,0.165019,-0.165775,-0.199063,-0.17431,0.165614,-0.198439,-0.165181,-0.165461,-0.167029,0,0,0,0.00685985,0.196238,0.53489,3.54004e-20,-1.94601e-20,6.75169e-22,0,0,0,7
33,0.543899,-0.139827,-9.10454e-37,-2.43636e-32,3.93369e-30,-0.161795,-0.0239166,-0.016391,7.59436e-42,-2.73535e-30,5.9031e-28,-0.224029,0.00189684,-1.92577,0.904985,-0.00633171,-1.59604,0.755781,-0.00441441,-1.56907,0.785504,-0.00210162,-1.92579,0.938377,-0.245723,-1.08651,1.90253,-0.392686,-0.345841,-0.448893,0.268834,-0.429385,-1.03991,0.272872,-1.11262,1.73006,0.19139,0.165417,-0.166274,0.165019,-0.165775,-0.199063,-0.17431,0.165614,-0.198439,-0.165181,-0.165461,-0.167029,0,0,0,0.00685985,0.196238,0.53489,3.54004e-20,-1.94601e-20,6.75169e-22,0,0,0,7
34,0.543355,-0.140071,8.51861e-37,-1.24644e-32,1.26601e-33,-0.169968,-0.0258358,-0.0165266,-1.06256e-41,-2.99168e-25,-2.99167e-25,-0.381305,-0.00786412,-1.92312,0.994193,-0.0120199,-1.57933,0.75946,0.00998509,-1.56933,0.771404,0.00843413,-1.92069,1.00966,0.166586,2.21911,-1.78602,0.283491,0.920083,1.75397,-0.261535,0.555102,-0.0247085,-1.02725,4.15199,-3.67219,0.183193,0.1651,-0.160247,0.175958,-0.165579,-0.19919,-0.166202,0.163385,-0.197034,-0.172042,-0.165102,-0.160416,0,0,0,5.86412e-42,-3.66084e-41,4.24882e-41,8.07268e-72,-4.4713e-72,2.13733e-73,0,0,0,6
35,0.540017,-0.138842,5.70257e-37,-5.86651e-30,-5.86649e-30,-0.175149,-0.0336768,-0.0149194,-4.75156e-42,-8.79e-28,-8.78997e-28,-0.262709,-0.00786412,-1.92312,0.994193,-0.0120199,-1.57933,0.75946,0.00998509,-1.56933,0.771404,0.00843413,-1.92069,1.00966,0.166586,2.21911,-1.78602,0.283491,0.920083,1.75397,-0.261535,0.555102,-0.0247085,-1.02725,4.15199,-3.67219,0.183193,0.1651,-0.160247,0.175958,-0.165579,-0.19919,-0.166202,0.163385,-0.197034,-0.172042,-0.165102,-0.160416,0,0,0,5.86412e-42,-3.66084e-41,4.24882e-41,8.07268e-72,-4.4713e-72,2.13733e-73,0,0,0,6
36,0.540017,-0.138842,5.70257e-37,-5.86651e-30,-5.86649e-30,-0.175149,-0.0336768,-0.0149194,-4.75156e-42,-8.79e-28,-8.78997e-28,-0.262709,-0.014181,-1.81204,0.910225,-0.00680111,-1.57679,0.79741,0.00466985,-1.57726,0.801432,0.00904651,-1.77236,0.872336,-0.303528,2.25985,-2.29936,-0.42142,1.10256,0.358715,-0.838522,1.0767,0.168421,-0.12981,5.58737,-3.99915,0.169735,0.16373,-0.161753,0.177646,-0.163005,-0.200122,-0.169004,0.16261,-0.199168,-0.182968,-0.163636,-0.161957,0,0,0,-1.69034e-55,5.6531e-54,1.34602e-53,-1.14265e-47,1.06427e-45,2.60535e-45,0,0,0,0
37,0.533913,-0.138296,5.33399e-40,5.0494e-33,-1.64774e-36,-0.178804,-0.0468271,-0.0152556,-6.26977e-45,1.23686e-25,-2.08013e-34,-0.0543819,-0.014181,-1.81204,0.910225,-0.00680111,-1.57679,0.79741,0.00466985,-1.57726,0.801432,0.00904651,-1.77236,0.872336,-0.303528,2.25985,-2.29936,-0.42142,1.10256,0.358715,-0.838522,1.0767,0.168421,-0.12981,5.58737,-3.99915,0.169735,0.16373,-0.161753,0.177646,-0.163005,-0.200122,-0.169004,0.16261,-0.199168,-0.182968,-0.163636,-0.161957,0,0,0,-1.69034e-55,5.6531e-54,1.34602e-53,-1.14265e-47,1.06427e-45,2.60535e-45,0,0,0,0
38,0.532917,-0.138427,-2.50886e-37,-1.96712e-30,-9.82385e-39,-0.176915,-0.048886,-0.015376,3.13083e-42,-2.56078e-25,-5.17487e-37,0.0800874,-0.0087935,-1.69898,0.817694,-0.00918954,-1.60668,0.838699,0.0105408,-1.6122,0.825494,0.00645907,-1.57917,0.776417,0.166566,2.63714,-1.57427,0.00715996,-1.75611,1.55462,0.0371951,-2.15466,1.56986,0.104419,0.9245,-0.0269134,0.175136,0.162776,-0.175835,0.171858,-0.164545,-0.199421,-0.178316,0.163676,-0.199734,-0.171416,-0.16317,-0.182116,5.78177e-99,-1.79154e-98,2.1159e-98,0,0,0,0,0,0,0,0,0,1
39,0.544026,-0.141252,6.73949e-37,-5.74272e-31,-1.12513e-30,-0.175019,-0.0272242,-0.015433,-8.40938e-42,-8.55808e-29,-6.23796e-26,-0.00147487,-0.0087935,-1.69898,0.817694,-0.00918954,-1.60668,0.838699,0.0105408,-1.6122,0.825494,0.00645907,-1.57917,0.776417,0.166566,2.63714,-1.57427,0.00715996,-1.75611,1.55462,0.0371951,-2.15466,1.56986,0.104419,0.9245,-0.0269134,0.175136,0.162776,-0.175835,0.171858,-0.164545,-0.199421,-0.178316,0.163676,-0.199734,-0.171416,-0.16317,-0.182116,5.78177e-99,-1.79154e-98,2.1159e-98,0,0,0,0,0,0,0,0,0,1
40,0.543418,-0.141459,-8.12877e-37,-1.17868e-32,2.99266e-30,-0.1778,-0.0290471,-0.0155517,1.01393e-41,-2.56938e-25,4.48608e-28,-0.13655,0.00571393,-1.6013,0.795187,-0.0096123,-1.80315,0.869802,0.00928171,-1.78717,0.84973,-0.00136738,-1.59252,0.792618,1.01687,2.86353,0.0136328,0.106949,-3.31781,1.30833,-0.381888,-2.34296,1.60664,0.0116587,1.27249,-0.151976,0.181726,0.163319,-0.187812,0.170578,-0.162862,-0.194611,-0.181836,0.162905,-0.1937,-0.172822,-0.163718,-0.199506,0,0,0,0,0,0,0,0,0,0.128405,-0.0628847,0.0443288,2
41,0.534028,-0.140103,1.56261e-36,6.38852e-30,-1.66905e-32,-0.190614,-0.048289,-0.0160512,-1.29995e-41,9.57215e-28,-9.05459e-25,-0.611881,0.00571393,-1.6013,0.795187,-0.0096123,-1.80315,0.869802,0.00928171,-1.78717,0.84973,-0.00136738,-1.59252,0.792618,1.01687,2.86353,0.0136328,0.106949,-3.31781,1.30833,-0.381888,-2.34296,1.60664,0.0116587,1.27249,-0.151976,0.181726,0.163319,-0.187812,0.170578,-0.162862,-0.194611,-0.181836,0.162905,-0.1937,-0.172822,-0.163718,-0.199506,0,0,0,0,0,0,0,0,0,0.128405,-0.0628847,0.0443288,2
42,0.534028,-0.140103,1.56261e-36,6.38852e-30,-1.66905e-32,-0.190614,-0.048289,-0.0160512,-1.29995e-41,9.57215e-28,-9.05459e-25,-0.611881,0.00570659,-1.59185,0.797629,-0.00917724,-1.8189,0.875873,0.00835491,-1.79766,0.85751,-0.000949634,-1.58581,0.791974,0.947612,2.59442,0.148259,0.0307553,-3.08918,1.25618,-0.081739,-1.92169,1.56455,0.105578,1.25185,-0.0154655,0.181726,0.163319,-0.187812,0.170578,-0.162862,-0.194611,-0.181836,0.162905,-0.1937,-0.172822,-0.163718,-0.199506,0,0,0,0,0,0,0,0,0,0.128405,-0.0628847,0.0443288,0
43,0.53647,-0.139626,1.01358e-36,-1.94334e-32,-2.45801e-31,-0.204415,-0.0437899,-0.0131684,-2.47567e-41,-7.00336e-30,-3.44176e-25,-0.258089,0.00570659,-1.59185,0.797629,-0.00917724,-1.8189,0.875873,0.00835491,-1.79766,0.85751,-0.000949634,-1.58581,0.791974,0.947612,2.59442,0.148259,0.0307553,-3.08918,1.25618,-0.081739,-1.92169,1.56455,0.105578,1.25185,-0.0154655,0.183301,0.163709,-0.190155,0.17469,-0.162921,-0.188791,-0.177766,0.163224,-0.187197,-0.173823,-0.164797,-0.196068,0.00946204,0.220614,0.48901,0,0,0,0,0,0,6.58271e-43,-2.43226e-42,2.91935e-42,0
44,0.543914,-0.141766,2.58801e-33,-3.71279e-27,-7.42562e-27,-0.205229,-0.0283462,-0.0139974,-6.38102e-38,-7.06036e-21,-1.41207e-20,-0.15198,0.00679079,-1.56958,0.805454,-0.00613738,-1.91712,0.93294,0.00324027,-1.91831,0.925221,-0.00388313,-1.56685,0.797569,-0.25279,-0.267337,-0.0390078,0.175124,-1.22954,1.26841,-0.0229299,-0.969988,1.61029,-0.478063,-0.0305621,-0.370135,0.171411,0.166298,-0.199489,0.182932,-0.164166,-0.164039,-0.169876,0.163788,-0.165446,-0.178154,-0.164915,-0.199667,1.20455e-42,-4.18937e-42,5.10578e-42,0,0,0,0,0,0,2.42544e-48,-8.56204e-48,1.02365e-47,0
45,0.543285,-0.141922,-4.26311e-33,1.13203e-26,2.40074e-26,-0.203056,-0.0300903,-0.0140976,5.3019e-38,-1.67209e-20,3.59801e-24,-0.0178419,0.00679079,-1.56958,0.805454,-0.00613738,-1.91712,0.93294,0.00324027,-1.91831,0.925221,-0.00388313,-1.56685,0.797569,-0.25279,-0.267337,-0.0390078,0.175124,-1.22954,1.26841,-0.0229299,-0.969988,1.61029,-0.478063,-0.0305621,-0.370135,0.171411,0.166298,-0.199489,0.182932,-0.164166,-0.164039,-0.169876,0.163788,-0.165446,-0.178154,-0.164915,-0.199667,1.20455e-42,-4.18937e-42,5.10578e-42,0,0,0,0,0,0,2.42544e-48,-8.56204e-48,1.02365e-47,0
46,0.544402,-0.142031,-9.69896e-33,-1.70305e-25,5.59591e-29,-0.20356,-0.0284173,-0.0134201,8.07452e-38,1.69952e-22,6.28506e-27,-0.00535388,0.00703251,-1.57639,0.77934,0.00860898,-1.9347,0.943868,-0.00846023,-1.9347,0.960577,-0.0046236,-1.58137,0.774533,0.591563,0.0320429,-0.0629258,0.173211,0.632399,-1.12316,-0.354681,0.604588,-0.477534,0.379433,-0.353741,-0.0617999,0.175747,0.165007,-0.19892,0.175776,-0.165504,-0.159301,-0.173024,0.165837,-0.159106,-0.172939,-0.167152,-0.198374,2.58014e-67,-1.09388e-67,1.09228e-68,0,0,0,0,0,0,0.323809,0.262953,0.116852,5
47,0.543775,-0.142176,2.65833e-32,5.21037e-26,9.51904e-32,-0.208752,-0.0301297,-0.0135131,-3.31679e-37,4.02217e-22,1.48855e-29,-0.207829,0.00703251,-1.57639,0.77934,0.00860898,-1.9347,0.943868,-0.00846023,-1.9347,0.960577,-0.0046236,-1.58137,0.774533,0.591563,0.0320429,-0.0629258,0.173211,0.632399,-1.12316,-0.354681,0.604588,-0.477534,0.379433,-0.353741,-0.0617999,0.175747,0.165007,-0.19892,0.175776,-0.165504,-0.159301,-0.173024,0.165837,-0.159106,-0.172939,-0.167152,-0.198374,2.58014e-67,-1.09388e-67,1.09228e-68,0,0,0,0,0,0,0.323809,0.262953,0.116852,5
48,0.543112,-0.142313,-5.46401e-33,4.55568e-27,1.16299e-29,-0.214565,-0.0318422,-0.0136061,6.79777e-38,6.76167e-25,2.76454e-22,-0.278793,0.0177672,-1.56754,0.798465,0.0168946,-1.83047,0.869545,-0.0181757,-1.83499,0.907564,-0.0112175,-1.57709,0.776268,-0.119566,0.085837,0.728918,0.113231,4.8018,-2.67537,-0.0372884,4.45426,-2.03824,-0.508077,0.347358,0.220406,0.17624,0.167515,-0.198241,0.176292,-0.166954,-0.160583,-0.17004,0.166718,-0.160653,-0.171523,-0.165414,-0.198003,7.79044e-34,-3.28711e-34,6.30969e-35,0,0,0,0,0,0,2.91002e-48,-1.05557e-47,1.24755e-47,6
49,0.530872,-0.136889,-1.74692e-33,7.93465e-30,6.73485e-27,-0.218063,-0.0581084,-0.0075144,1.09178e-38,8.89078e-28,6.44806e-23,-0.147646,0.0177672,-1.56754,0.798465,0.0168946,-1.83047,0.869545,-0.0181757,-1.83499,0.907564,-0.0112175,-1.57709,0.776268,-0.119566,0.085837,0.728918,0.113231,4.8018,-2.67537,-0.0372884,4.45426,-2.03824,-0.508077,0.347358,0.220406,0.17624,0.167515,-0.198241,0.176292,-0.166954,-0.160583,-0.17004,0.166718,-0.160653,-0.171523,-0.165414,-0.198003,7.79044e-34,-3.28711e-34,6.30969e-35,0,0,0,0,0,0,2.91002e-48,-1.05557e-47,1.24755e-47,6
50,0.529686,-0.136781,3.26608e-33,-1.07735e-32,2.71411e-28,-0.219206,-0.0600481,-0.0075502,-4.07507e-38,-4.01214e-25,-1.16383e-24,-0.0421842,0.0194007,-1.56244,0.840195,0.0100084,-1.57797,0.73582,-0.00456316,-1.59298,0.808391,-0.00906604,-1.56532,0.819941,-0.562794,-0.168522,1.74895,-0.897721,0.484804,-3.0377,0.2859,3.23172,-1.40888,0.683085,-4.54929,4.21178,0.163198,0.168866,-0.198686,0.172654,-0.165899,-0.19689,-0.164442,0.166983,-0.197796,-0.182452,-0.166809,-0.199258,0,0,0,0,0,0,3.93567e-10,-1.71624e-10,-1.64489e-11,0,0,0,4
51,0.558757,-0.149203,5.05784e-36,-1.57466e-31,-2.61243e-31,-0.2247,0.00393165,-0.0198489,-1.25923e-40,-5.32824e-29,3.84525e-25,-0.249284,0.0194007,-1.56244,0.840195,0.0100084,-1.57797,0.73582,-0.00456316,-1.59298,0.808391,-0.00906604,-1.56532,0.819941,-0.562794,-0.168522,1.74895,-0.897721,0.484804,-3.0377,0.2859,3.23172,-1.40888,0.683085,-4.54929,4.21178,0.163198,0.168866,-0.198686,0.172654,-0.165899,-0.19689,-0.164442,0.166983,-0.197796,-0.182452,-0.166809,-0.199258,0,0,0,0,0,0,3.93567e-10,-1.71624e-10,-1.64489e-11,0,0,0,4
52,0.561574,-0.149717,-1.46967e-36,-7.5392e-35,1.76269e-31,-0.22689,0.00838855,-0.0190318,3.61994e-41,-4.80736e-33,5.96263e-29,-0.10301,0.0140232,-1.72198,0.997268,0.00849209,-1.57833,0.708337,-0.00857789,-1.57132,0.7265,-0.0133874,-1.72319,0.983638,0.469641,-3.76004,3.73729,-0.0386094,-0.836343,0.434007,0.0137311,-0.255678,0.117006,-0.0572304,-2.85005,4.41773,0.151048,0.167971,-0.184595,0.186711,-0.166759,-0.198611,-0.158983,0.166673,-0.197943,-0.194909,-0.167524,-0.183397,0,0,0,3.94895e-48,3.14905e-48,8.78089e-49,0.19912,-0.0840096,-0.00924268,0,0,0,5
53,0.56164,-0.150124,-1.07953e-38,4.3659e-33,9.87877e-33,-0.228054,0.00711941,-0.0191723,1.57037e-43,1.06919e-25,2.13839e-25,-0.046805,0.0140232,-1.72198,0.997268,0.00849209,-1.57833,0.708337,-0.00857789,-1.57132,0.7265,-0.0133874,-1.72319,0.983638,0.469641,-3.76004,3.73729,-0.0386094,-0.836343,0.434007,0.0137311,-0.255678,0.117006,-0.0572304,-2.85005,4.41773,0.151048,0.167971,-0.184595,0.186711,-0.166759,-0.198611,-0.158983,0.166673,-0.197943,-0.194909,-0.167524,-0.183397,0,0,0,3.94895e-48,3.14905e-48,8.78089e-49,0.19912,-0.0840096,-0.00924268,0,0,0,5
54,0.541107,-0.144322,-1.78783e-37,5.65279e-31,1.12589e-30,-0.228067,-0.0373779,-0.0155867,1.4877e-42,8.46977e-29,-1.68752e-25,-0.00314237,0.0125653,-1.88443,0.999061,0.0020986,-1.5851,0.753349,-0.0112381,-1.57201,0.768318,-0.0111307,-1.89414,0.975627,-0.448631,-2.31787,-2.73689,0.0215372,0.458892,1.3407,0.107935,-0.0129552,1.48014,0.418926,-2.03381,-2.34969,0.152278,0.167451,-0.169819,0.18379,-0.167644,-0.198175,-0.161984,0.165637,-0.197128,-0.193723,-0.167015,-0.169917,0,0,0,0.00119082,0.577346,1.39115,8.73831e-68,-3.03762e-67,3.52778e-67,0,0,0,0
55,0.539443,-0.14458,-8.96631e-37,-1.51872e-34,-3.8939e-30,-0.230761,-0.0407213,-0.0157983,1.11703e-41,-3.98695e-27,-8.55663e-27,-0.0685343,0.0125653,-1.88443,0.999061,0.0020986,-1.5851,0.753349,-0.0112381,-1.57201,0.768318,-0.0111307,-1.89414,0.975627,-0.448631,-2.31787,-2.73689,0.0215372,0.458892,1.3407,0.107935,-0.0129552,1.48014,0.418926,-2.03381,-2.34969,0.152278,0.167451,-0.169819,0.18379,-0.167644,-0.198175,-0.161984,0.165637,-0.197128,-0.193723,-0.167015,-0.169917,0,0,0,0.00119082,0.577346,1.39115,8.73831e-68,-3.03762e-67,3.52778e-67,0,0,0,0
56,0.540623,-0.144399,-1.72034e-36,3.01378e-30,6.03645e-30,-0.235646,-0.0383986,-0.0144248,1.43226e-41,-2.95823e-25,9.04744e-28,-0.22419,-0.00380225,-1.94309,0.963391,0.00138571,-1.56592,0.792872,0.00824013,-1.56783,0.80935,0.00397305,-1.94293,0.968841,-0.476632,-0.616614,-0.684406,-0.235875,-0.0567076,0.207547,0.622303,-0.0141382,-0.00242652,0.378473,-0.624541,0.175526,0.152278,0.167451,-0.169819,0.18379,-0.167644,-0.198175,-0.161984,0.165637,-0.197128,-0.193723,-0.167015,-0.169917,0,0,0,-0.0307978,0.671404,1.60115,-0.000621147,0.0771631,0.185505,0,0,0,6
57,0.539792,-0.144497,1.59003e-36,-7.52796e-31,2.10761e-32,-0.243312,-0.040033,-0.0145168,-1.9833e-41,-1.13218e-28,2.36576e-30,-0.363513,-0.00380225,-1.94309,0.963391,0.00138571,-1.56592,0.792872,0.00824013,-1.56783,0.80935,0.00397305,-1.94293,0.968841,-0.476632,-0.616614,-0.684406,-0.235875,-0.0567076,0.207547,0.622303,-0.0141382,-0.00242652,0.378473,-0.624541,0.175526,0.152278,0.167451,-0.169819,0.18379,-0.167644,-0.198175,-0.161984,0.165637,-0.197128,-0.193723,-0.167015,-0.169917,0,0,0,-0.0307978,0.671404,1.60115,-0.000621147,0.0771631,0.185505,0,0,0,6
58,0.578192,-0.1576,5.00495e-38,-3.03147e-35,6.86341e-32,-0.249115,0.0430066,-0.0236295,-1.24129e-42,-8.14026e-33,1.30518e-25,-0.288609,-0.00380225,-1.94309,0.963391,0.00138571,-1.56592,0.792872,0.00824013,-1.56783,0.80935,0.00397305,-1.94293,0.968841,-0.476632,-0.616614,-0.684406,-0.235875,-0.0567076,0.207547,0.622303,-0.0141382,-0.00242652,0.378473,-0.624541,0.175526,0.152278,0.167451,-0.169819,0.18379,-0.167644,-0.198175,-0.161984,0.165637,-0.197128,-0.193723,-0.167015,-0.169917,0,0,0,-0.0401634,0.828086,2.03778,-0.00192635,0.118435,0.317306,0,0,0,7
59,0.578094,-0.158252,2.6628e-36,-3.01899e-31,2.16894e-31,-0.25065,0.0404809,-0.0241362,-6.50485e-41,-3.91995e-25,3.91964e-25,-0.0794344,-0.0245848,-1.9057,0.907218,-0.0132804,-1.58217,0.797288,0.0144628,-1.57716,0.792499,0.0243371,-1.90644,0.951177,-1.93723,1.78833,-1.48413,-0.333252,-0.84491,0.138618,-0.359975,0.0458835,-0.258185,1.91297,1.91816,1.64683,0.176297,0.164395,-0.159277,0.169921,-0.163353,-0.200123,-0.176981,0.165277,-0.199796,-0.174583,-0.164368,-0.159311,0,0,0,-0.0202432,0.644248,1.60959,0.470923,-0.209748,0.0165839,0,0,0,4
60,0.578749,-0.15892,2.20483e-36,-1.73365e-29,1.73359e-29,-0.260569,0.0396232,-0.0243157,-2.74e-41,7.05582e-25,-7.05583e-25,-0.451712,-0.0458935,-1.74612,0.811534,-0.0368662,-1.59203,0.815239,0.0269186,-1.58508,0.764339,0.0457257,-1.66708,0.888215,0.647227,1.58567,-1.51491,-0.0258751,0.773889,1.11918,0.693874,0.137717,-0.28979,-0.113326,5.85933,-1.91968,0.181881,0.161801,-0.16316,0.173832,-0.161841,-0.199704,-0.176587,0.162683,-0.199298,-0.173821,-0.161959,-0.163201,0,0,0,0.105797,0.204693,1.53687,7.75798e-90,-3.63261e-90,1.39725e-91,0,0,0,6
61,0.579381,-0.159594,-2.5985e-36,3.11292e-30,-3.11317e-30,-0.27551,0.0387655,-0.0244952,3.24093e-41,4.68788e-28,-4.68789e-28,-0.739541,-0.0458935,-1.74612,0.811534,-0.0368662,-1.59203,0.815239,0.0269186,-1.58508,0.764339,0.0457257,-1.66708,0.888215,0.647227,1.58567,-1.51491,-0.0258751,0.773889,1.11918,0.693874,0.137717,-0.28979,-0.113326,5.85933,-1.91968,0.181881,0.161801,-0.16316,0.173832,-0.161841,-0.199704,-0.176587,0.162683,-0.199298,-0.173821,-0.161959,-0.163201,0,0,0,0.105797,0.204693,1.53687,7.75798e-90,-3.63261e-90,1.39725e-91,0,0,0,6
62,0.576574,-0.156553,1.90779e-37,5.61818e-33,-4.26576e-33,-0.290355,0.0292862,-0.0186903,-1.57624e-42,-4.70798e-26,9.41604e-26,-0.763371,-0.0458935,-1.74612,0.811534,-0.0368662,-1.59203,0.815239,0.0269186,-1.58508,0.764339,0.0457257,-1.66708,0.888215,0.647227,1.58567,-1.51491,-0.0258751,0.773889,1.11918,0.693874,0.137717,-0.28979,-0.113326,5.85933,-1.91968,0.181881,0.161801,-0.16316,0.173832,-0.161841,-0.199704,-0.176587,0.162683,-0.199298,-0.173821,-0.161959,-0.163201,3.72259e-66,-1.01015e-65,9.58161e-66,0,0,0,0,0,0,0,0,0,4
63,0.577018,-0.157077,2.37953e-37,-7.16052e-31,1.4323e-30,-0.305519,0.0283476,-0.0188136,-2.97043e-42,-1.07319e-28,4.38623e-27,-0.765564,-0.0331933,-1.65987,0.760828,-0.0514476,-1.65821,0.88698,0.0512752,-1.64374,0.798392,0.0293905,-1.58377,0.815103,-0.171012,2.24952,0.448489,-0.765747,-2.09198,2.11525,0.412422,-1.48256,1.54981,-0.807344,1.47521,-0.522769,0.186141,0.15664,-0.1834,0.180583,-0.159652,-0.199439,-0.178792,0.157689,-0.199317,-0.18536,-0.156285,-0.191838,3.72259e-66,-1.01015e-65,9.58161e-66,0,0,0,0,0,0,0,0,0,4
64,0.576241,-0.156423,-8.46613e-37,-1.67395e-32,-5.76479e-30,-0.327354,0.0244193,-0.0171016,7.04586e-42,-5.86653e-25,-5.87515e-25,-1.07301,-0.0029747,-1.5805,0.746612,-0.0349231,-1.86966,1.04961,0.0415524,-1.88868,0.966284,-0.000103744,-1.5807,0.765651,0.180902,1.23745,0.842177,0.540379,-2.6538,2.90322,-0.471815,-3.12541,3.57315,-0.282734,-0.215388,-0.465053,0.187013,0.159135,-0.192522,0.18133,-0.154369,-0.190082,-0.184961,0.154782,-0.188865,-0.179458,-0.160743,-0.197391,1.71946,1.65834,0.507915,0,0,0,0,0,0,1.07703,-0.534541,0.172917,7
65,0.576584,-0.156901,-5.12609e-36,-1.8257e-29,-1.82751e-29,-0.342832,0.0234526,-0.0172076,6.39732e-41,-2.73627e-27,-2.7383e-27,-0.787258,-0.0029747,-1.5805,0.746612,-0.0349231,-1.86966,1.04961,0.0415524,-1.88868,0.966284,-0.000103744,-1.5807,0.765651,0.180902,1.23745,0.842177,0.540379,-2.6538,2.90322,-0.471815,-3.12541,3.57315,-0.282734,-0.215388,-0.465053,0.187013,0.159135,-0.192522,0.18133,-0.154369,-0.190082,-0.184961,0.154782,-0.188865,-0.179458,-0.160743,-0.197391,1.71946,1.65834,0.507915,0,0,0,0,0,0,1.07703,-0.534541,0.172917,7
66,0.575559,-0.156241,3.68822e-36,-4.16406e-32,-6.01334e-32,-0.351302,0.019196,-0.0156606,-3.0668e-41,-4.69517e-30,-6.5609e-25,-0.441379,-0.0029747,-1.5805,0.746612,-0.0349231,-1.86966,1.04961,0.0415524,-1.88868,0.966284,-0.000103744,-1.5807,0.765651,0.180902,1.23745,0.842177,0.540379,-2.6538,2.90322,-0.471815,-3.12541,3.57315,-0.282734,-0.215388,-0.465053,0.183656,0.16441,-0.198423,0.171372,-0.158082,-0.167641,-0.194183,0.159154,-0.168387,-0.1701,-0.165021,-0.198347,1.84653e-26,-4.66333e-26,4.74373e-26,0,0,0,0,0,0,0.217073,0.195775,0.0642097,5
67,0.575802,-0.156664,-2.62325e-37,-2.40915e-32,-1.77116e-30,-0.353721,0.0181985,-0.0157512,3.25439e-42,-5.7867e-25,1.15707e-24,-0.137165,-0.0029747,-1.5805,0.746612,-0.0349231,-1.86966,1.04961,0.0415524,-1.88868,0.966284,-0.000103744,-1.5807,0.765651,0.180902,1.23745,0.842177,0.540379,-2.6538,2.90322,-0.471815,-3.12541,3.57315,-0.282734,-0.215388,-0.465053,0.183656,0.16441,-0.198423,0.171372,-0.158082,-0.167641,-0.194183,0.159154,-0.168387,-0.1701,-0.165021,-0.198347,1.84653e-26,-4.66333e-26,4.74373e-26,0,0,0,0,0,0,0.217073,0.195775,0.0642097,5
68,0.573236,-0.156508,4.23168e-37,-7.15018e-30,1.42916e-29,-0.357046,0.0112445,-0.0161152,-3.52054e-42,-1.07134e-27,-1.63109e-25,-0.166566,0.00840218,-1.57749,0.770916,-0.0119228,-1.92915,1.00549,0.0126155,-1.93155,0.980146,0.00510328,-1.59225,0.766439,0.181643,-0.106219,0.60369,0.65586,-0.676509,-2.24992,-0.82768,-0.507624,-0.775531,-0.0471687,-0.0248269,0.353677,0.178543,0.166667,-0.198193,0.172695,-0.162972,-0.161124,-0.181572,0.163082,-0.161244,-0.169145,-0.163993,-0.19747,0.344115,-0.968302,0.973937,0,0,0,0,0,0,2.96622e-56,-8.18721e-56,7.86865e-56,2
69,0.573324,-0.156886,5.93837e-37,-2.43017e-32,1.0262e-29,-0.363496,0.010191,-0.0162083,-7.4128e-42,-2.72482e-30,2.76812e-25,-0.311283,0.00840218,-1.57749,0.770916,-0.0119228,-1.92915,1.00549,0.0126155,-1.93155,0.980146,0.00510328,-1.59225,0.766439,0.181643,-0.106219,0.60369,0.65586,-0.676509,-2.24992,-0.82768,-0.507624,-0.775531,-0.0471687,-0.0248269,0.353677,0.178543,0.166667,-0.198193,0.172695,-0.162972,-0.161124,-0.181572,0.163082,-0.161244,-0.169145,-0.163993,-0.19747,0.344115,-0.968302,0.973937,0,0,0,0,0,0,2.96622e-56,-8.18721e-56,7.86865e-56,2
70,0.575758,-0.162105,-9.89504e-37,-8.44811e-35,3.99036e-31,-0.372428,0.0165377,-0.0248364,8.23398e-42,-4.53132e-33,-2.04499e-24,-0.445515,0.0103216,-1.56466,0.806529,0.0264757,-1.92512,0.928679,-0.0279817,-1.92558,0.983856,-0.0133645,-1.56247,0.774214,0.0762765,0.619138,0.708479,1.19072,0.939171,-1.37898,-1.22359,0.956575,0.898498,-0.696516,1.32599,-0.402617,0.170161,0.167061,-0.199326,0.171607,-0.169482,-0.15931,-0.169541,0.169242,-0.159403,-0.173595,-0.16767,-0.199408,0.322981,-0.909673,0.916623,0,0,0,0,0,0,0.105181,0.158448,0.913784,4
71,0.575876,-0.162686,-3.56715e-36,-5.26031e-33,-2.59592e-29,-0.382001,0.0155537,-0.0250097,4.452e-41,-1.27233e-25,1.23341e-25,-0.478959,0.0103216,-1.56466,0.806529,0.0264757,-1.92512,0.928679,-0.0279817,-1.92558,0.983856,-0.0133645,-1.56247,0.774214,0.0762765,0.619138,0.708479,1.19072,0.939171,-1.37898,-1.22359,0.956575,0.898498,-0.696516,1.32599,-0.402617,0.170161,0.167061,-0.199326,0.171607,-0.169482,-0.15931,-0.169541,0.169242,-0.159403,-0.173595,-0.16767,-0.199408,0.322981,-0.909673,0.916623,0,0,0,0,0,0,0.105181,0.158448,0.913784,4
72,0.577125,-0.162404,2.38464e-36,1.93181e-30,-1.98675e-30,-0.393623,0.0164201,-0.0228012,-1.98292e-41,-1.80426e-25,1.8042e-25,-0.573352,0.0407655,-1.54197,0.831717,0.0394682,-1.58992,0.720698,-0.0393997,-1.55472,0.794216,-0.0469737,-1.55498,0.738501,-2.02809,0.427027,3.92093,-1.30499,1.62234,-2.28551,2.31735,2.33011,-4.45621,-1.56366,1.64812,2.15843,0.167775,0.169346,-0.199519,0.168717,-0.17466,-0.167558,-0.163247,0.174596,-0.167597,-0.170927,-0.170966,-0.199406,-8.03949e-49,3.16973e-48,1.00294e-47,0,0,0,0,0,0,2.11343e-12,-7.00605e-13,-1.95975e-13,0
73,0.577244,-0.162949,-2.53427e-37,-2.76112e-30,2.76162e-30,-0.405316,0.0154534,-0.022952,3.15016e-42,-4.14069e-28,1.52045e-26,-0.581128,0.0407655,-1.54197,0.831717,0.0394682,-1.58992,0.720698,-0.0393997,-1.55472,0.794216,-0.0469737,-1.55498,0.738501,-2.02809,0.427027,3.92093,-1.30499,1.62234,-2.28551,2.31735,2.33011,-4.45621,-1.56366,1.64812,2.15843,0.167775,0.169346,-0.199519,0.168717,-0.17466,-0.167558,-0.163247,0.174596,-0.167597,-0.170927,-0.170966,-0.199406,-8.03949e-49,3.16973e-48,1.00294e-47,0,0,0,0,0,0,2.11343e-12,-7.00605e-13,-1.95975e-13,0
74,0.57698,-0.161966,-1.6217e-37,-1.85544e-30,1.85606e-30,-0.405316,0.014325,-0.021069,2.01643e-42,-2.78403e-28,2.54929e-26,-0.580414,0.0407655,-1.54197,0.831717,0.0394682,-1.58992,0.720698,-0.0393997,-1.55472,0.794216,-0.0469737,-1.55498,0.738501,-2.02809,0.427027,3.92093,-1.30499,1.62234,-2.28551,2.31735,2.33011,-4.45621,-1.56366,1.64812,2.15843,0.165653,0.174479,-0.198977,0.170928,-0.173834,-0.192727,-0.160434,0.173616,-0.191628,-0.165147,-0.173582,-0.198069,0,0,0,0,0,0,0,0,0,0,0,0,1
75,0.577134,-0.162956,7.61362e-37,9.43427e-30,3.64366e-32,-0.409993,0.0123704,-0.0213352,-9.50527e-42,1.41397e-27,2.01083e-25,-0.0760824,0.0407655,-1.54197,0.831717,0.0394682,-1.58992,0.720698,-0.0393997,-1.55472,0.794216,-0.0469737,-1.55498,0.738501,-2.02809,0.427027,3.92093,-1.30499,1.62234,-2.28551,2.31735,2.33011,-4.45621,-1.56366,1.64812,2.15843,0.165653,0.174479,-0.198977,0.170928,-0.173834,-0.192727,-0.160434,0.173616,-0.191628,-0.165147,-0.173582,-0.198069,0,0,0,0,0,0,0,0,0,0,0,0,1
76,0.576448,-0.162792,-8.53966e-37,2.67876e-32,4.31622e-30,-0.414131,0.009535,-0.0206115,7.10267e-42,1.98644e-25,6.46711e-28,-0.18053,-0.000997831,-1.60261,1.21166,0.000167857,-1.52982,0.597527,0.00192493,-1.53174,0.572924,-0.00016187,-1.60078,1.02643,0.575327,-1.78883,8.47626,0.215,-1.29109,-1.98481,-0.17167,1.14932,-0.138198,0.0220973,-2.03614,8.13642,0.096725,0.16482,-0.179977,0.213975,-0.164616,-0.199604,-0.141105,0.165034,-0.200594,-0.219015,-0.165031,-0.191387,0,0,0,0,0,0,0,0,0,0,0,0,0
77,0.576427,-0.163688,-5.0645e-36,9.5828e-30,-7.64132e-29,-0.422683,0.00754553,-0.0208616,6.31904e-41,2.30768e-22,-1.84614e-21,-0.00439201,-0.000997831,-1.60261,1.21166,0.000167857,-1.52982,0.597527,0.00192493,-1.53174,0.572924,-0.00016187,-1.60078,1.02643,0.575327,-1.78883,8.47626,0.215,-1.29109,-1.98481,-0.17167,1.14932,-0.138198,0.0220973,-2.03614,8.13642,0.096725,0.16482,-0.179977,0.213975,-0.164616,-0.199604,-0.141105,0.165034,-0.200594,-0.219015,-0.165031,-0.191387,0,0,0,0,0,0,0,0,0,0,0,0,0
78,0.576332,-0.162638,-2.94415e-33,2.35622e-26,-1.88497e-25,-0.438711,0.00549975,-0.0180808,1.83818e-38,3.5299e-24,-2.82392e-23,0.349861,-0.00224428,-1.78344,1.23552,0.00661398,-1.57966,0.669213,0.00476934,-1.58581,0.661122,0.00225569,-1.7969,1.24103,1.33879,-1.7728,-5.4841,0.53871,-2.95951,1.26074,0.167021,-1.5537,0.632421,1.97817,-16.0935,1.12158,0.106193,0.165349,-0.168111,0.201961,-0.164465,-0.198167,-0.150378,0.165171,-0.199503,-0.241517,-0.165883,-0.166131,0,0,0,2.51136e-81,-7.39005e-81,6.47866e-81,0,0,0,0,0,0,5
79,0.576268,-0.163008,4.2318e-33,7.60453e-29,-1.22453e-28,-0.453014,0.00449519,-0.0181786,-5.27977e-38,8.65915e-27,1.19478e-20,0.254011,-0.00224428,-1.78344,1.23552,0.00661398,-1.57966,0.669213,0.00476934,-1.58581,0.661122,0.00225569,-1.7969,1.24103,1.33879,-1.7728,-5.4841,0.53871,-2.95951,1.26074,0.167021,-1.5537,0.632421,1.97817,-16.0935,1.12158,0.106193,0.165349,-0.168111,0.201961,-0.164465,-0.198167,-0.150378,0.165171,-0.199503,-0.241517,-0.165883,-0.166131,0,0,0,2.51136e-81,-7.39005e-81,6.47866e-81,0,0,0,0,0,0,5
80,0.574729,-0.161012,-1.0892e-32,-3.04507e-26,5.81011e-26,-0.471031,-0.00103041,-0.0145451,2.68779e-37,-5.79025e-20,1.15804e-19,0.0269647,0.00606008,-1.9284,0.929902,-0.00164085,-1.58277,0.767592,-0.0125125,-1.56211,0.764077,-0.00219673,-1.9274,0.950093,0.69437,0.393489,-6.78521,-0.0437246,0.904492,2.94034,0.261091,0.614914,2.04251,-0.394484,0.739846,-8.07643,0.106193,0.165349,-0.168111,0.201961,-0.164465,-0.198167,-0.150378,0.165171,-0.199503,-0.241517,-0.165883,-0.166131,0,0,0,2.51136e-81,-7.39005e-81,6.47866e-81,0,0,0,0,0,0,5
81,0.574618,-0.160748,3.83781e-31,-4.57219e-26,-1.1064e-24,-0.48312,-0.00237927,-0.013514,-4.56786e-36,-1.64204e-23,-3.39722e-21,0.104544,0.00606008,-1.9284,0.929902,-0.00164085,-1.58277,0.767592,-0.0125125,-1.56211,0.764077,-0.00219673,-1.9274,0.950093,0.69437,0.393489,-6.78521,-0.0437246,0.904492,2.94034,0.261091,0.614914,2.04251,-0.394484,0.739846,-8.07643,0.169582,0.16474,-0.16101,0.18321,-0.168092,-0.19842,-0.163982,0.165015,-0.197317,-0.185658,-0.164775,-0.16108,0,0,0,0.376184,0.373012,0.171722,0,0,0,0,0,0,7
82,0.57445,-0.16095,6.58973e-32,-3.22772e-28,1.32719e-25,-0.458643,-0.00337628,-0.0135638,-1.60752e-36,-4.4875e-26,3.38998e-20,0.376293,0.0326847,-1.80188,0.625752,0.0100332,-1.54933,0.847322,-0.0106503,-1.54275,0.849278,-0.0153912,-1.78595,0.605149,0.483607,5.42891,-8.31262,0.456081,0.670704,1.70663,-0.249892,0.938627,2.22221,-0.334039,5.78396,-8.59273,0.211637,0.169573,-0.164065,0.164564,-0.166876,-0.200556,-0.185477,0.166072,-0.200275,-0.136428,-0.16704,-0.165869,0,0,0,1.65041,-0.797007,1.01225,7.88318e-73,-2.25258e-73,1.05154e-73,0,0,0,2
83,0.57426,-0.161159,-9.81314e-33,9.09609e-29,4.25698e-25,-0.448306,-0.00442577,-0.0136163,1.21433e-37,2.18628e-21,6.37848e-23,0.446444,0.0326847,-1.80188,0.625752,0.0100332,-1.54933,0.847322,-0.0106503,-1.54275,0.849278,-0.0153912,-1.78595,0.605149,0.483607,5.42891,-8.31262,0.456081,0.670704,1.70663,-0.249892,0.938627,2.22221,-0.334039,5.78396,-8.59273,0.211637,0.169573,-0.164065,0.164564,-0.166876,-0.200556,-0.185477,0.166072,-0.200275,-0.136428,-0.16704,-0.165869,0,0,0,1.65041,-0.797007,1.01225,7.88318e-73,-2.25258e-73,1.05154e-73,0,0,0,2
84,0.580429,-0.163623,-1.92931e-32,2.7287e-26,9.45638e-28,-0.414663,0.00856449,-0.0135209,1.60702e-37,2.09814e-23,1.06208e-25,0.447971,0.0326641,-1.62993,0.492207,0.0200251,-1.53142,0.951294,-0.036147,-1.50977,0.977922,-0.015552,-1.6151,0.437119,-0.434838,3.67018,0.223665,0.487044,0.768575,2.44091,-0.266729,1.19147,2.87604,0.273124,3.59576,0.746092,0.23635,0.170959,-0.181377,0.129568,-0.1722,-0.198008,-0.212511,0.168989,-0.198559,-0.104429,-0.167819,-0.18076,0,0,0,0,0,0,0,0,0,0,0,0,6
85,0.580468,-0.163936,4.21972e-33,7.64202e-26,2.29923e-30,-0.407359,0.0076463,-0.013572,-5.25614e-38,-6.4334e-23,2.66536e-28,-0.174525,0.0326641,-1.62993,0.492207,0.0200251,-1.53142,0.951294,-0.036147,-1.50977,0.977922,-0.015552,-1.6151,0.437119,-0.434838,3.67018,0.223665,0.487044,0.768575,2.44091,-0.266729,1.19147,2.87604,0.273124,3.59576,0.746092,0.23635,0.170959,-0.181377,0.129568,-0.1722,-0.198008,-0.212511,0.168989,-0.198559,-0.104429,-0.167819,-0.18076,0,0,0,0,0,0,0,0,0,0,0,0,6
86,0.61899,-0.173719,-1.72916e-33,-5.07856e-28,1.23646e-31,-0.407024,0.0884471,-0.00398651,1.43623e-38,-8.25199e-26,-1.30928e-24,-0.344053,0.0202833,-1.52432,0.569866,0.0183353,-1.55126,1.03168,-0.0347913,-1.52358,1.07123,-0.00361739,-1.52192,0.501769,1.17472,-4.75271,3.47528,0.318153,-1.88986,1.99493,-0.261282,-2.59941,3.16823,-1.12437,1.54997,1.81349,0.223326,0.169912,-0.194551,0.119286,-0.169679,-0.198913,-0.222844,0.167711,-0.198709,-0.114568,-0.166803,-0.19018,0.127352,0.252434,0.726597,0,0,0,0,0,0,0.791426,-0.147905,2.83871,4
87,0.620581,-0.174491,-4.17924e-36,-1.80368e-30,-2.74902e-29,-0.407436,0.0882931,-0.00394747,6.11214e-41,-2.06562e-28,-4.11968e-27,-0.295823,0.0202833,-1.52432,0.569866,0.0183353,-1.55126,1.03168,-0.0347913,-1.52358,1.07123,-0.00361739,-1.52192,0.501769,1.17472,-4.75271,3.47528,0.318153,-1.88986,1.99493,-0.261282,-2.59941,3.16823,-1.12437,1.54997,1.81349,0.223326,0.169912,-0.194551,0.119286,-0.169679,-0.198913,-0.222844,0.167711,-0.198709,-0.114568,-0.166803,-0.19018,0.127352,0.252434,0.726597,0,0,0,0,0,0,0.791426,-0.147905,2.83871,4
88,0.632064,-0.18032,1.80693e-35,-9.90327e-32,3.11519e-32,-0.404231,0.111046,-0.00637256,-1.50404e-40,-3.46606e-24,3.46605e-24,-0.0665948,0.0165121,-1.55972,0.670492,0.0169694,-1.786,1.15698,-0.0279649,-1.75725,1.17955,-0.0118445,-1.56004,0.631581,-0.320707,-0.710737,1.67422,0.0915292,-1.84567,-2.76783,0.471103,-2.69353,-2.71359,-0.0131522,-0.706392,1.95316,0.20982,0.170581,-0.19676,0.110093,-0.171933,-0.187653,-0.226489,0.16771,-0.18769,-0.128095,-0.168032,-0.19772,0.279096,-0.401745,0.547876,0,0,0,0,0,0,0.140817,0.186121,0.615602,6
89,0.636056,-0.182289,-6.3751e-36,-2.43525e-32,3.12641e-32,-0.392521,0.111166,-0.00634056,7.95052e-41,-2.73709e-30,1.66146e-25,0.138629,0.0165121,-1.55972,0.670492,0.0169694,-1.786,1.15698,-0.0279649,-1.75725,1.17955,-0.0118445,-1.56004,0.631581,-0.320707,-0.710737,1.67422,0.0915292,-1.84567,-2.76783,0.471103,-2.69353,-2.71359,-0.0131522,-0.706392,1.95316,0.20982,0.170581,-0.19676,0.110093,-0.171933,-0.187653,-0.226489,0.16771,-0.18769,-0.128095,-0.168032,-0.19772,0.279096,-0.401745,0.547876,0,0,0,0,0,0,0.140817,0.186121,0.615602,6
90,0.67522,-0.194915,-7.88185e-36,-1.62006e-32,3.18316e-32,-0.392521,0.19876,-0.00103504,9.83454e-41,-1.82188e-30,5.6547e-25,0.13995,0.0086334,-1.57585,0.746044,0.00480727,-1.89613,1.05254,-0.00785889,-1.89016,1.06538,-0.00812984,-1.57447,0.71573,-0.202984,-0.100834,2.18063,-0.205112,-1.55491,-3.18458,0.226778,-2.78452,-3.50353,0.110802,0.0731389,1.65246,0.194058,0.167716,-0.198036,0.128274,-0.168408,-0.168968,-0.215634,0.167129,-0.16838,-0.148693,-0.167395,-0.19723,3.69221e-61,3.92953e-61,1.47081e-61,0,0,0,0,0,0,1.33896e-59,-4.03019e-60,-3.02126e-61,6
91,0.682589,-0.197993,-1.51017e-35,-8.8375e-33,-1.8509e-29,-0.385725,0.200532,-0.000903009,1.8851e-40,-2.1295e-25,-4.2867e-25,0.0940867,0.0086334,-1.57585,0.746044,0.00480727,-1.89613,1.05254,-0.00785889,-1.89016,1.06538,-0.00812984,-1.57447,0.71573,-0.202984,-0.100834,2.18063,-0.205112,-1.55491,-3.18458,0.226778,-2.78452,-3.50353,0.110802,0.0731389,1.65246,0.194058,0.167716,-0.198036,0.128274,-0.168408,-0.168968,-0.215634,0.167129,-0.16838,-0.148693,-0.167395,-0.19723,3.69221e-61,3.92953e-61,1.47081e-61,0,0,0,0,0,0,1.33896e-59,-4.03019e-60,-3.02126e-61,6
92,0.709434,-0.207071,-7.09729e-36,-4.03131e-32,2.93706e-32,-0.382367,0.251273,0.00222467,1.73887e-40,-1.05058e-25,9.9667e-30,0.107647,0.00437992,-1.57574,0.81875,-0.00475284,-1.93776,0.888635,0.00646871,-1.93737,0.879491,-0.00484087,-1.57687,0.795033,-0.114072,0.00883169,1.6719,0.0438527,0.435159,-2.46299,-0.0746476,0.405904,-2.97175,0.0785466,-0.0274206,1.87702,0.194058,0.167716,-0.198036,0.128274,-0.168408,-0.168968,-0.215634,0.167129,-0.16838,-0.148693,-0.167395,-0.19723,3.69221e-61,3.92953e-61,1.47081e-61,0,0,0,0,0,0,1.33896e-59,-4.03019e-60,-3.02126e-61,1
93,0.740578,-0.219296,3.30213e-36,7.05183e-31,5.87733e-31,-0.377856,0.312769,0.00266426,-8.13931e-41,1.11773e-24,1.11769e-24,0.182925,0.00437992,-1.57574,0.81875,-0.00475284,-1.93776,0.888635,0.00646871,-1.93737,0.879491,-0.00484087,-1.57687,0.795033,-0.114072,0.00883169,1.6719,0.0438527,0.435159,-2.46299,-0.0746476,0.405904,-2.97175,0.0785466,-0.0274206,1.87702,0.183327,0.166713,-0.1982,0.15518,-0.166287,-0.163491,-0.192153,0.165786,-0.163291,-0.16078,-0.166612,-0.198034,1.48089e-56,1.596e-56,6.45642e-57,0,0,0,0,0,0,5.1769e-67,5.44826e-67,2.13114e-67,5
94,0.74643,-0.22156,-2.13845e-35,-8.57926e-30,-8.54422e-30,-0.370902,0.314686,0.00276208,2.65948e-40,8.77909e-25,1.75711e-24,0.29847,-0.00738365,-1.56632,0.874452,-0.00812432,-1.80926,0.721742,0.00989988,-1.81479,0.705822,0.00371222,-1.56569,0.869404,-0.221359,-0.0199198,0.810264,-0.0377339,4.89699,-3.14276,-0.0104431,3.85624,-3.15489,0.229001,0.251775,1.0892,0.157598,0.163755,-0.199478,0.208237,-0.16334,-0.168878,-0.14449,0.163674,-0.169405,-0.191014,-0.164511,-0.199297,2.84204e-21,3.13666e-21,1.4312e-21,0,0,0,0,0,0,5.29151e-75,5.91039e-75,2.59473e-75,1
95,0.775247,-0.232171,-2.83415e-34,6.48598e-32,1.47165e-30,-0.365772,0.368357,0.00451496,6.9724e-39,-6.38127e-25,1.2768e-24,0.216636,-0.00738365,-1.56632,0.874452,-0.00812432,-1.80926,0.721742,0.00989988,-1.81479,0.705822,0.00371222,-1.56569,0.869404,-0.221359,-0.0199198,0.810264,-0.0377339,4.89699,-3.14276,-0.0104431,3.85624,-3.15489,0.229001,0.251775,1.0892,0.157598,0.163755,-0.199478,0.208237,-0.16334,-0.168878,-0.14449,0.163674,-0.169405,-0.191014,-0.164511,-0.199297,2.84204e-21,3.13666e-21,1.4312e-21,0,0,0,0,0,0,5.29151e-75,5.91039e-75,2.59473e-75,1
96,0.782182,-0.234729,-3.87031e-35,6.01813e-30,-1.21134e-29,-0.364115,0.370762,0.00462837,4.85922e-40,9.01893e-28,-2.15201e-24,0.0753458,-0.00694286,-1.5641,0.900229,-0.00522585,-1.64173,0.663672,0.00764939,-1.70955,0.654296,0.00548385,-1.56069,0.907729,-0.259102,-2.0189,1.92709,-0.0724429,2.65669,0.411928,-0.217784,1.91886,-0.357629,0.0636125,-2.7208,2.58551,0.15678,0.163529,-0.199456,0.209768,-0.163313,-0.170725,-0.143306,0.163606,-0.171845,-0.192283,-0.16426,-0.199385,0,0,0,0,0,0,0,0,0,0,0,0,6
97,0.780974,-0.234162,1.62729e-34,2.84586e-34,-2.09413e-31,-0.363116,0.354528,0.0043787,-4.0071e-39,8.6403e-32,4.82118e-25,0.0432827,-0.00694286,-1.5641,0.900229,-0.00522585,-1.64173,0.663672,0.00764939,-1.70955,0.654296,0.00548385,-1.56069,0.907729,-0.259102,-2.0189,1.92709,-0.0724429,2.65669,0.411928,-0.217784,1.91886,-0.357629,0.0636125,-2.7208,2.58551,0.15678,0.163529,-0.199456,0.209768,-0.163313,-0.170725,-0.143306,0.163606,-0.171845,-0.192283,-0.16426,-0.199385,0,0,0,0,0,0,0,0,0,0,0,0,7
98,0.787655,-0.236606,3.19809e-34,3.3061e-35,1.11543e-28,-0.352913,0.356757,0.00448869,-3.98037e-39,2.09428e-34,6.70079e-24,0.482498,0.0178208,-1.67222,1.05956,0.0235559,-1.56117,0.651214,-0.0142063,-1.61083,0.657474,-0.0128634,-1.69068,1.0587,0.526647,-1.70768,4.00048,0.227091,0.912819,-0.304418,-0.319785,2.10016,0.973154,-0.353096,-2.17179,4.35584,0.148272,0.16409,-0.197134,0.209884,-0.16373,-0.184759,-0.147096,0.164812,-0.193489,-0.20318,-0.164175,-0.197054,0,0,0,1.58518e-26,-5.7056e-27,-1.87193e-27,0.000292268,0.000283593,6.33332e-05,0,0,0,3
99,0.794403,-0.238994,-1.78994e-34,7.64561e-32,5.44539e-29,-0.337971,0.358985,0.00459867,2.23113e-39,1.81873e-24,3.64559e-24,0.72153,0.0178208,-1.67222,1.05956,0.0235559,-1.56117,0.651214,-0.0142063,-1.61083,0.657474,-0.0128634,-1.69068,1.0587,0.526647,-1.70768,4.00048,0.227091,0.912819,-0.304418,-0.319785,2.10016,0.973154,-0.353096,-2.17179,4.35584,0.148272,0.16409,-0.197134,0.209884,-0.16373,-0.184759,-0.147096,0.164812,-0.193489,-0.20318,-0.164175,-0.197054,0,0,0,1.58518e-26,-5.7056e-27,-1.87193e-27,0.000292268,0.000283593,6.33332e-05,0,0,0,3
